// Textures
wall1.jpg
wall2.jpg
wall3.jpg
wall4.jpg
roof.jpg

// Points
0.0 0.0 0.0
1.0 0.0 0.0
1.0 0.0 1.0
1.0 1.0 1.0
0.0 0.0 1.0
0.0 1.0 1.0
0.0 1.0 0.0
1.0 1.0 0.0

// Faces
0 1 2 1.0 1.0 0.0 1.0 0.0 0.0 3
0 2 4 1.0 1.0 0.0 0.0 1.0 0.0 3
2 3 4 1.0 0.0 1.0 1.0 0.0 0.0 4
4 3 5 0.0 0.0 1.0 1.0 0.0 1.0 4
6 1 0 0.0 0.0 1.0 1.0 0.0 1.0 4
7 1 6 1.0 0.0 1.0 1.0 0.0 0.0 4
5 7 6 0.0 0.0 1.0 1.0 0.0 1.0 1
5 3 7 0.0 0.0 1.0 0.0 1.0 1.0 1
6 0 4 1.0 1.0 0.0 1.0 0.0 0.0 0
6 4 5 1.0 1.0 0.0 0.0 1.0 0.0 0
1 3 2 1.0 1.0 0.0 0.0 1.0 0.0 2
1 7 3 1.0 1.0 0.0 1.0 0.0 0.0 2