// Textures
32.jpg
32g.png
33.jpg

// Points
0.0 0.0 0.0
1.0 0.0 0.0
1.0 0.0 1.0
1.0 1.0 1.0
0.0 0.0 1.0
0.0 1.0 1.0
0.0 1.0 0.0
1.0 1.0 0.0

// Faces
0 1 2 1.0 1.0 0.0 1.0 0.0 0.0 2
0 2 4 1.0 1.0 0.0 0.0 1.0 0.0 2
2 3 4 1.0 0.0 1.0 1.0 0.0 0.0 1
4 3 5 0.0 0.0 1.0 1.0 0.0 1.0 1
6 1 0 0.0 0.0 1.0 1.0 0.0 1.0 1
7 1 6 1.0 0.0 1.0 1.0 0.0 0.0 1
5 7 6 0.0 0.0 1.0 1.0 0.0 1.0 0
5 3 7 0.0 0.0 1.0 0.0 1.0 1.0 0
6 0 4 1.0 1.0 0.0 1.0 0.0 0.0 1
6 4 5 1.0 1.0 0.0 0.0 1.0 0.0 1
1 3 2 1.0 1.0 0.0 0.0 1.0 0.0 1
1 7 3 1.0 1.0 0.0 1.0 0.0 0.0 1